300
50
25
41
3
7
1
2
3
7
3
0
0
0
100
16 117
2 2
74 110 110
6 10 20
11 128 120
1 1 8
4 6 47 53 59 91 130
1 2 1 3 5 2 15
20 39 64 86 97 108 120
5 5 1 1 3 5 18
128
7
3 1 1 4 4 2 4 4 4 2 2 4 4 1 4 4 6 7 1 1 1 0 1 1 1 1 1 1 1 1 1 7 7 1 6 1 1 4 1 1 1
2 9 2 2 2 2 5 2 2 2 2 2 2 2 2 2 10 2 3 134 138 0 2 2 2 2 2 2 2 2 2 2 2 19 2 12 24 2 6 4 2
13 13 20 24 28 32 39 64 86 97 97 108 112 116 118 123 -6 130 127 -6 -6 109 110 115 116 117 118 122 123 124 125 108 130 113 108 110 108 130 72 73 74
1 4 3 3 1 5 1 3 3 1 5 1 3 3 1 4 1 1 4 7 0 7 11 8 9 10 11 11 10 9 8 8 8 14 15 17 21 17 1 2 3
0 0 0 0 0 0 0
3 3 3 3 3 3 0
4 6 47 53 59 91 130
6 8 49 55 61 93 132
7 7 7 7 7 7 17
1 1 1 1 1 1 15
4
71 72 73 74
1 2 3 4
4
75 76 77 78
4 3 2 1
1
71
75
1
5
1
75
79
5
1
0



3 3 3 3
38 39 40
38 39 40
38 39 40
38 39 40




